2192
2187
2183
2191
2191
2192
2193
2193
2191
2191
2196
2193
2196
2191
2199
2200
2200
2197
2195
2199
2204
2200
2208
2199
2207
2206
2182
2179
2179
2183
2188
2184
2181
2179
2183
2183
2184
2184
2181
2183
2182
2188
2184
2184
2183
2183
2190
2175
2184
2185
2183
2190
2188
2192
2185
2187
2191
2190
2192
2192
2185
2187
2191
2192
2216
2187
2183
2191
2191
2192
2193
2193
2191
2191
2196
2193
2196
2191
2199
2200
2200
2197
2195
2199
2204
2200
2208
2199
2207
2206
2182
2179
2179
2183
2188
2184
2181
2179
2183
2183
2184
2184
2181
2183
2182
2188
2184
2184
2183
2183
2190
2175
2184
2185
2183
2190
2188
2192
2185
2187
2191
2190
2192
2192
2185
2187
2191
2192
2216
2187
2183
2191
2191
2192
2193
2193
2191
2191
2196
2193
2196
2191
2199
2200
2200
2197
2195
2199
2204
2200
2208
2199
2207
2206
2182
2179
2179
2183
2188
2184
2181
2179
2183
2183
2184
2184
2181
2183
2182
2188
2184
2184
2183
2183
2190
2175
2184
2185
2183
2190
2188
2192
2185
2187
2191
2190
2192
2192
2185
2187
2191
2192
2216
2187
2183
2191
2191
2192
2193
2193
2191
2191
2196
2193
2196
2191
2199
2200
2200
2197
2195
2199
2204
2200
2208
2199
2207
2206
2182
2179
2179
2183
2188
2184
2181
2179
2183
2183
2184
2184
2181
2183
2182
2188
2184
2184
2183
2183
2190
2175
2184
2185
2183
2190
2188
2192
2185
2187
2191
2190
2192
2192
2185
2187
2191
2192
2216
2187
2183
2191
2191
2192
2193
2193
2191
2191
2196
2193
2196
2191
2199
2200
2200
2197
2195
2199
2204
2200
2208
2199
2207
2206
2182
2179
2179
2183
2188
2184
2181
2179
2183
2183
2184
2184
2181
2183
2182
2188
2184
2184
2183
2183
2190
2175
2184
2185
2183
2190
2188
2192
2185
2187
2191
2190
2192
2192
2185
2187
2191
2192
2216
2187
2183
2191
2191
2192
2193
2193
2191
2191
2196
2193
2196
2191
2199
2200
2200
2197
2195
2199
2204
2200
2208
2199
2207
2206
2182
2179
2179
2183
2188
2184
2181
2179
2183
2183
2184
2184
2181
2183
2182
2188
2184
2184
2183
2183
2190
2175
2184
2185
2183
2190
2188
2192
2185
2187
2191
2190
2192
2192
2185
2187
2191
2192
2216
2187
2183
2191
2191
2192
2193
2193
2191
2191
2196
2193
2196
2191
2199
2200
2200
2197
2195
2199
2204
2200
2208
2199
2207
2206
2182
2179
2179
2183
2188
2184
2181
2179
2183
2183
2184
2184
2181
2183
2182
2188
2184
2184
2183
2183
2190
2175
2184
2185
2183
2190
2188
2192
2185
2187
2191
2190
2192
2192
2185
2187
2191
2192
2216
2187
2183
2191
2191
2192
2193
2193
2191
2191
2196
2193
2196
2191
2199
2200
2200
2197
2195
2199
2204
2200
2208
2199
2207
2206
2182
2179
2179
2183
2188
2184
2181
2179
2183
2183
2184
2184
2181
2183
2182
2188
2184
2184
2183
2183
2190
2175
2184
2185
2183
2190
2188
2192
2185
2187
2191
2190
2192
2192
2185
2187
2191
2192
2216
2187
2183
2191
2191
2192
2193
2193
2191
2191
2196
2193
2196
2191
2199
2200
2200
2197
2195
2199
2204
2200
2208
2199
2207
2206
2182
2179
2179
2183
2188
2184
2181
2179
2183
2183
2184
2184
2181
2183
2182
2188
2184
2184
2183
2183
2190
2175
2184
2185
2183
2190
2188
2192
2185
2187
2191
2190
2192
2192
2185
2187
2191
2192
2216
2187
2183
2191
2191
2192
2193
2193
2191
2191
2196
2193
2196
2191
2199
2200
2200
2197
2195
2199
2204
2200
2208
2199
2207
2206
2182
2179
2179
2183
2188
2184
2181
2179
2183
2183
2184
2184
2181
2183
2182
2188
2184
2184
2183
2183
2190
2175
2184
2185
2183
2190
2188
2192
2185
2187
2191
2190
2192
2192
2185
2187
2191
2192
2216
2187
2183
2191
2191
2192
2193
2193
2191
2191
2196
2193
2196
2191
2199
2200
2200
2197
2195
2199
2204
2200
2208
2199
2207
2206
2182
2179
2179
2183
2188
2184
2181
2179
2183
2183
2184
2184
2181
2183
2182
2188
2184
2184
2183
2183
2190
2175
2184
2185
2183
2190
2188
2192
2185
2187
2191
2190
2192
2192
2185
2187
2191
2192
2216
2187
2183
2191
2191
2192
2193
2193
2191
2191
2196
2193
2196
2191
2199
2200
2200
2197
2195
2199
2204
2200
2208
2199
2207
2206
2182
2179
2179
2183
2188
2184
2181
2179
2183
2183
2184
2184
2181
2183
2182
2188
2184
2184
2183
2183
2190
2175
2184
2185
2183
2190
2188
2192
2185
2187
2191
2190
2192
2192
2185
2187
2191
2192
2216
2187
2183
2191
2191
2192
2193
2193
2191
2191
2196
2193
2196
2191
2199
2200
2200
2197
2195
2199
2204
2200
2208
2199
2207
2206
2182
2179
2179
2183
2188
2184
2181
2179
2183
2183
2184
2184
2181
2183
2182
2188
2184
2184
2183
2183
2190
2175
2184
2185
2183
2190
2188
2192
2185
2187
2191
2190
2192
2192
2185
2187
2191
2192
2216
2187
2183
2191
2191
2192
2193
2193
2191
2191
2196
2193
2196
2191
2199
2200
2200
2197
2195
2199
2204
2200
2208
2199
2207
2206
2182
2179
2179
2183
2188
2184
2181
2179
2183
2183
2184
2184
2181
2183
2182
2188
2184
2184
2183
2183
2190
2175
2184
2185
2183
2190
2188
2192
2185
2187
2191
2190
2192
2192
2185
2187
2191
2192
2216
2187
2183
2191
2191
2192
2193
2193
2191
2191
2196
2193
2196
2191
2199
2200
2200
2197
2195
2199
2204
2200
2208
2199
2207
2206
2182
2179
2179
2183
2188
2184
2181
2179
2183
2183
2184
2184
2181
2183
2182
2188
2184
2184
2183
2183
2190
2175
2184
2185
2183
2190
2188
2192
2185
2187
2191
2190
2192
2192
2185
2187
2191
2192
2216
2187
2183
2191
2191
2192
2193
2193
2191
2191
2196
2193
2196
2191
2199
2200
2200
2197
2195
2199
2204
2200
2208
2199
2207
2206
2182
2179
2179
2183
2188
2184
2181
2179
2183
2183
2184
2184
2181
2183
